-0.106  0.378  0
-0.306  0.4  0
-0.422  0.284  0
-0.408  0.194  0
-0.39  0.118  0
-0.314  0.062  0
-0.33  0.014  0
-0.398  -0.008  0
-0.466  -0.056  0
-0.492  -0.19  0
-0.486  -0.31  0
-0.324  -0.41  0
-0.206  -0.416  0
-0.03  -0.41  0
0.012  -0.342  0
0.04  -0.254  0
0.09  -0.21  0
0.136  -0.2  0
0.146  -0.244  0
0.19  -0.29  0
0.26  -0.3  0
0.324  -0.292  0
0.392  -0.238  0
0.42  -0.036  0
0.364  0.03  0
0.248  0.058  0
0.19  0.056  0
0.144  0.13  0
0.17  0.184  0
0.246  0.214  0
0.328  0.23  0
0.35  0.306  0
0.332  0.42  0
0.266  0.498  0
0.118  0.518  0
0.046  0.492  0
-0.03  0.43  0
-0.056  0.37  0
-0.106  0.378  0
